********************************************************************************
             precision    recall  f1-score   support

         -1       0.68      0.39      0.50      2691
          0       0.20      0.00      0.00       966
          1       0.78      0.95      0.86      9343

avg / total       0.72      0.77      0.72     13000

[[8910    2  431]
 [ 910    1   55]
 [1639    2 1050]]
********************************************************************************
********************************************************************************
             precision    recall  f1-score   support

         -1       0.76      0.58      0.66      2645
          0       0.00      0.00      0.00       992
          1       0.82      0.96      0.89      9363

avg / total       0.75      0.81      0.77     13000

[[9024    0  339]
 [ 848    0  144]
 [1104    0 1541]]
********************************************************************************
********************************************************************************
             precision    recall  f1-score   support

         -1       0.66      0.64      0.65      3865
          0       0.17      0.01      0.02      1344
          1       0.74      0.87      0.80      7791

avg / total       0.66      0.71      0.67     13000

[[6773   27  991]
 [1058   11  275]
 [1366   25 2474]]
********************************************************************************
********************************************************************************
             precision    recall  f1-score   support

         -1       0.68      0.46      0.55      3007
          0       0.25      0.00      0.00      1237
          1       0.76      0.94      0.84      8756

avg / total       0.69      0.74      0.69     13000

[[8269    6  481]
 [1062    3  172]
 [1606    3 1398]]
********************************************************************************
********************************************************************************
             precision    recall  f1-score   support

         -1       0.72      0.45      0.56      3719
          0       0.50      0.00      0.00      1589
          1       0.68      0.95      0.79      7692

avg / total       0.67      0.69      0.63     13000

[[7277    0  415]
 [1344    1  244]
 [2031    1 1687]]
********************************************************************************
