********************************************************************************
             precision    recall  f1-score   support

         -1       0.67      0.43      0.52      2691
          0       0.80      0.00      0.01       966
          1       0.79      0.95      0.86      9343

avg / total       0.76      0.77      0.73     13000

[[8848    0  495]
 [ 878    4   84]
 [1540    1 1150]]
********************************************************************************
********************************************************************************
             precision    recall  f1-score   support

         -1       0.71      0.65      0.68      2645
          0       0.00      0.00      0.00       992
          1       0.84      0.95      0.89      9363

avg / total       0.75      0.82      0.78     13000

[[8867    0  496]
 [ 766    0  226]
 [ 914    0 1731]]
********************************************************************************
********************************************************************************
             precision    recall  f1-score   support

         -1       0.62      0.71      0.66      3865
          0       0.15      0.01      0.02      1344
          1       0.76      0.83      0.80      7791

avg / total       0.66      0.71      0.67     13000

[[6459   43 1289]
 [ 904   11  429]
 [1086   20 2759]]
********************************************************************************
********************************************************************************
             precision    recall  f1-score   support

         -1       0.63      0.55      0.59      3007
          0       0.21      0.00      0.01      1237
          1       0.78      0.92      0.84      8756

avg / total       0.69      0.75      0.70     13000

[[8032   11  713]
 [ 958    4  275]
 [1348    4 1655]]
********************************************************************************
********************************************************************************
             precision    recall  f1-score   support

         -1       0.66      0.54      0.60      3719
          0       0.27      0.01      0.02      1589
          1       0.71      0.92      0.80      7692

avg / total       0.64      0.70      0.65     13000

[[7046   12  634]
 [1193   15  381]
 [1686   28 2005]]
********************************************************************************
